Father SubClassOf Parent, True