Man SubClassOf Male,   True