Class: Male,  False