( hasParent some Father ) SubClassOf: Son,  The answerTask statementsQuerying is completed.( MioBlast and LeafCell ) SubClassOf: ChondroCyte,  False.Task statementsQuerying is completed.( owl:Thin and BallGame ) SubClassOf: Game,  False.Task statementsQuerying is completed.( MatureCell and CellByOrganism ) SubClassOf: PlantCell,  False.Task statementsQuerying is completed.( Mammal and Bird ) SubClassOf: Water,  False.Task statementsQuerying is completed.( Fish and Bird ) SubClassOf: Mammal, \nFalseTask statementsQuerying is completed.( employed_by some Researcher ) SubClassOf: University,  The answer