( Sister and Sex ) SubClassOf: Male, \nI