( ChondroBlast and InMatureCell ) SubClassOf: CellByOrganism,  The correct